area_id,area_name,b27020001,b27020001_moe,b27020002,b27020002_moe,b27020003,b27020003_moe,b27020004,b27020004_moe,b27020005,b27020005_moe,b27020006,b27020006_moe,b27020007,b27020007_moe,b27020008,b27020008_moe,b27020009,b27020009_moe,b27020010,b27020010_moe,b27020011,b27020011_moe,b27020012,b27020012_moe,b27020013,b27020013_moe,b27020014,b27020014_moe,b27020015,b27020015_moe,b27020016,b27020016_moe,b27020017,b27020017_moe
1,Rogers Park,56493,2171,39968,1756,33247,1593,23400,1357,11332,1109,6721,738,16525,1566,5215,643,4052,581,3100,533,1365,294,1163,299,11310,1444,4854,998,2260,440,2662,913,6456,889
2,West Ridge,72744,2584,39541,1857,34784,1810,23898,1600,14516,1373,4757,736,33203,2128,15695,1102,12569,1010,8003,822,5879,677,3126,532,17508,1895,8217,1126,4241,743,4190,885,9291,1409
3,Uptown,53670,1701,40129,1559,33942,1448,26487,1286,9186,967,6187,764,13541,1178,6269,700,5178,648,2883,515,2763,467,1091,261,7272,967,3630,565,2714,482,976,273,3642,773
4,Lincoln Square,38116,1327,27773,1118,24607,1097,21154,1039,4793,758,3166,449,10343,1014,5118,654,3855,525,2545,380,1778,396,1263,356,5225,785,3197,551,2387,457,1012,351,2028,480
5,North Center,33402,1096,29587,1050,27341,1035,25881,1019,2692,383,2246,408,3815,501,2520,369,2208,338,1687,278,833,222,312,164,1295,313,873,230,778,199,140,100,422,207
6,Lake View,96425,1729,84855,1735,78018,1753,73689,1751,7582,689,6837,676,11570,874,6013,596,5324,533,4319,483,1818,306,689,210,5557,640,4143,525,3858,511,394,142,1414,366
7,Lincoln Park,64028,1704,57494,1691,54668,1683,51732,1700,5787,546,2826,437,6534,658,3267,427,3067,412,2665,378,653,177,200,116,3267,512,2805,485,2705,478,113,91,462,183
8,Near North Side,80315,1814,66170,1795,62264,1785,55768,1743,13894,952,3906,540,14145,1174,6967,763,6474,731,5521,674,1771,311,493,205,7178,902,5866,746,5674,734,258,144,1312,453
9,Edison Park,11135,498,9685,627,9057,575,8502,598,1770,319,628,268,1450,344,1170,282,1050,256,891,245,482,155,120,111,280,179,137,89,119,89,27,31,143,156
10,Norwood Park,36933,1214,28684,1157,26827,1063,24144,1067,7118,646,1857,504,8249,824,5622,569,5092,542,4137,528,1910,297,530,207,2627,539,1503,394,929,251,676,317,1124,329
11,Jefferson Park,26760,1243,19135,1221,17343,1153,14131,1057,5304,702,1792,536,7625,901,4196,546,3411,481,2735,446,1095,217,785,234,3429,654,1648,377,1477,371,213,92,1781,517
12,Forest Glen,18542,646,15153,703,14521,735,12967,784,3242,373,632,208,3389,412,2800,331,2579,343,2112,302,837,207,221,166,589,226,454,183,345,133,144,135,135,92
13,North Park,18562,1003,11350,797,10394,738,8356,746,2994,455,956,253,7212,825,4472,604,3867,529,2737,433,1680,362,605,197,2740,469,1478,336,889,246,646,235,1262,334
14,Albany Park,53540,2062,28753,1431,24987,1354,15284,1162,10770,1166,3766,553,24787,1670,8866,948,6476,755,4602,668,2430,391,2390,609,15921,1572,5217,618,3117,446,2214,469,10704,1346
15,Portage Park,63461,1849,42991,1753,37964,1656,26675,1405,15575,1389,5027,659,20470,1336,10941,932,8897,831,6761,752,2989,447,2044,387,9529,932,4993,615,3759,537,1432,317,4536,687
16,Irving Park,56160,1945,38181,1542,32757,1525,23957,1325,10810,1073,5424,619,17979,1359,7454,781,5470,598,3939,512,2075,336,1984,487,10525,1126,4579,583,3581,555,1107,296,5946,938
17,Dunning,41997,1248,27037,1243,23842,1212,19187,1171,7997,799,3195,452,14960,1049,8393,739,6830,707,5354,664,2500,340,1563,352,6567,786,2785,435,2078,370,867,250,3782,624
18,Montclare,12279,836,7926,730,6981,677,4310,589,3420,492,945,280,4353,581,1914,343,1525,328,1137,275,531,195,389,145,2439,473,1059,293,868,268,271,147,1380,351
19,Belmont Cragin,77642,2549,47539,2095,39854,1858,20104,1469,22257,1606,7685,988,30103,1689,10102,857,8277,758,6070,668,2791,414,1825,329,20001,1527,8529,857,5869,706,2792,475,11472,1184
20,Hermosa,25068,1269,16183,1035,13442,959,6333,723,7648,873,2741,467,8885,957,3006,448,2176,389,1470,285,875,236,830,239,5879,863,2838,562,2003,476,906,274,3041,588
21,Avondale,41526,1885,24978,1291,19912,1233,12860,992,8070,993,5066,626,16548,1439,5139,615,3996,521,2833,481,1432,261,1143,295,11409,1346,3960,651,2643,535,1436,368,7449,1121
22,Logan Square,73495,1997,57750,1698,47820,1559,34965,1318,14468,1157,9930,964,15745,1187,5253,562,4095,483,3078,407,1421,280,1158,267,10492,1071,4076,539,3130,470,1075,272,6416,919
23,Humboldt Park,54341,2208,44694,2127,35995,1933,14523,1247,23576,1741,8699,965,9647,1076,3252,546,2383,428,1612,374,887,223,869,255,6395,1020,2997,588,1657,340,1404,462,3398,649
24,West Town,83695,2001,70230,1877,60802,1700,50082,1546,12890,1199,9428,858,13465,980,5716,564,4817,495,3575,433,1819,283,899,245,7749,810,4112,516,3164,453,1092,255,3637,621
25,Austin,97389,2742,93504,2708,72679,2425,34330,1663,43211,2178,20825,1232,3885,715,1491,309,1277,285,795,214,571,215,214,124,2394,633,1015,291,810,270,230,127,1379,517
26,West Garfield Park,19358,1315,19315,1315,15517,1110,5644,726,11123,1067,3798,648,43,46,25,37,10,34,5,34,5,34,15,38,18,41,17,43,17,43,0,35,1,33
27,East Garfield Park,21012,1341,20567,1344,16956,1185,6079,763,11698,1091,3611,550,445,187,218,103,212,103,196,100,16,45,6,39,227,137,161,112,138,111,74,90,66,56
28,Near West Side,53295,1645,44975,1595,40098,1507,31416,1294,10545,981,4877,705,8320,750,3142,406,2821,363,2593,343,392,128,321,168,5178,637,4730,622,4615,615,261,111,448,174
29,North Lawndale,35623,1845,34802,1829,27851,1552,9841,946,19489,1421,6951,852,821,270,299,113,182,84,136,80,63,56,117,92,522,204,221,117,195,115,46,54,301,162
30,South Lawndale,62390,2266,32100,1721,26743,1589,8176,975,19420,1351,5357,608,30290,1463,6559,576,5052,523,3228,413,2458,363,1507,288,23731,1448,7941,753,3817,528,4240,571,15790,1251
31,Lower West Side,36577,1700,21100,1222,17269,1106,8494,701,9443,955,3831,527,15477,1088,4240,486,3182,433,2044,331,1402,268,1058,234,11237,1038,4004,475,2359,374,1844,296,7233,894
32,Loop,25786,1427,20789,1400,19374,1361,18465,1353,2136,364,1415,406,4997,689,1898,411,1768,394,1699,384,415,183,130,90,3099,582,2861,560,2689,536,212,170,238,152
33,Near South Side,20076,1151,16183,1070,15037,1072,13186,1169,2448,453,1146,320,3893,690,1679,402,1595,406,1426,399,324,178,84,63,2214,565,2006,551,1821,512,185,215,208,154
34,Armour Square,13710,850,6443,694,5159,637,3185,531,2558,433,1284,279,7267,660,3539,445,2933,411,1242,314,2093,309,606,226,3728,586,1328,298,609,197,749,215,2400,514
35,Douglas,18357,845,15212,775,13205,726,8630,623,6055,531,2007,320,3145,569,531,174,453,167,395,162,85,55,78,61,2614,551,2052,487,2004,484,48,49,562,234
36,Oakland,6260,469,5925,435,5042,416,2522,457,2754,432,883,260,335,155,115,67,79,58,41,40,46,45,36,38,220,106,126,69,66,44,83,62,94,63
37,Fuller Park,2924,543,2765,537,2263,497,907,258,1613,464,502,122,159,102,14,17,11,19,0,16,11,19,3,13,145,102,54,61,20,34,34,54,91,71
38,Grand Boulevard,22964,1171,22381,1139,18517,1068,10219,798,10047,878,3864,494,583,181,269,102,188,84,152,82,39,45,81,75,314,149,185,102,143,86,69,68,129,101
39,Kenwood,17937,907,15792,888,13926,867,9575,738,6084,663,1866,350,2145,358,778,244,697,239,579,179,243,160,81,59,1367,298,1095,267,1014,255,104,75,272,131
40,Washington Park,11141,835,11028,825,9068,797,2928,396,6748,743,1960,355,113,69,61,40,61,40,52,39,9,28,0,27,52,58,25,42,18,40,7,29,27,37
41,Hyde Park,26427,1183,21899,1105,20241,1091,17949,1060,4788,493,1658,312,4528,509,1582,297,1498,290,1410,263,353,142,84,63,2946,430,2523,380,2353,345,191,121,423,187
42,Woodlawn,24291,1269,23156,1257,19010,1134,9794,750,10874,1001,4146,509,1135,251,415,141,367,136,329,133,45,42,48,47,720,213,447,153,415,148,46,55,273,138
43,South Shore,46965,2020,45560,2000,36416,1814,20496,1347,19662,1474,9144,915,1405,407,599,211,446,181,295,156,151,101,153,109,806,317,222,128,142,97,92,93,584,289
44,Chatham,33244,1627,32991,1628,27215,1519,15341,1096,15122,1325,5776,744,253,131,180,124,79,62,67,61,17,36,101,88,73,46,44,42,44,42,15,37,29,40
45,Avalon Park,9617,760,9448,753,7843,672,5280,611,3952,506,1605,452,169,92,58,37,58,37,47,36,21,23,0,19,111,76,66,59,66,59,0,19,45,58
46,South Chicago,29402,1591,25763,1482,21537,1323,10038,918,14081,1240,4226,613,3639,656,1098,295,838,262,514,231,383,131,260,130,2541,584,1208,353,610,250,626,203,1333,377
47,Burnside,3508,686,3408,682,2666,536,1229,244,1771,535,742,293,100,88,57,54,57,54,32,45,42,43,0,11,43,58,0,11,0,11,0,11,43,58
48,Calumet Heights,14382,814,13627,797,11827,657,8333,636,6250,558,1800,432,755,333,381,155,323,139,206,103,189,126,58,55,374,283,329,263,236,175,112,121,45,44
49,Roseland,45004,1655,44309,1658,36126,1495,21132,1221,20292,1180,8183,768,695,212,360,151,299,137,190,109,160,98,61,70,335,130,239,107,153,91,114,79,96,72
50,Pullman,7262,584,7016,556,5944,502,3246,397,3228,420,1072,234,246,135,84,59,77,58,75,57,21,27,7,20,162,106,76,51,38,32,52,47,86,92
51,South Deering,16438,1030,14135,986,11527,907,6856,806,5891,689,2608,501,2303,442,1178,272,796,238,539,202,437,142,382,163,1125,342,615,224,289,135,362,162,510,231
52,East Side,23517,1386,16183,1079,13986,1070,8073,793,7313,968,2197,395,7334,780,3465,425,3072,388,2271,364,1230,236,393,141,3869,686,1560,355,968,283,661,244,2309,544
53,West Pullman,30810,1644,29933,1659,24823,1459,12862,1143,14985,1354,5110,819,877,290,290,130,239,106,195,102,108,65,51,55,587,225,274,155,151,90,132,104,313,158
54,Riverdale,6820,725,6766,729,5559,696,1472,409,4653,699,1207,419,54,41,54,41,54,41,54,41,0,16,0,16,0,16,0,16,0,16,0,16,0,16
55,Hegewisch,10155,927,9043,923,7799,924,5669,832,3222,653,1244,478,1112,308,691,182,635,177,526,148,251,134,56,48,421,206,193,124,120,93,73,83,228,165
56,Garfield Ridge,33848,1075,26195,1059,23806,1077,20007,1036,6803,764,2389,528,7653,722,4456,470,3999,434,3209,404,1420,254,457,156,3197,501,1878,357,1490,333,594,169,1319,352
57,Archer Heights,13434,778,7814,599,6717,590,3844,478,3589,511,1097,231,5620,570,2051,285,1711,251,1112,207,832,162,340,124,3569,549,1591,316,1151,300,484,147,1978,407
58,Brighton Park,44098,1805,24897,1367,20609,1249,8749,938,13192,1066,4288,654,19201,1181,5764,538,4546,453,3236,404,1659,255,1218,296,13437,1112,4744,548,2981,433,1972,347,8693,938
59,McKinley Park,16434,925,10418,776,8867,743,5124,676,4300,584,1551,311,6016,602,2595,358,2306,339,1567,293,851,206,289,110,3421,506,1361,285,972,253,443,138,2060,420
60,Bridgeport,32423,1332,21353,1087,18081,1026,12213,869,7275,834,3272,490,11070,874,5941,571,4687,506,3142,389,1791,338,1254,293,5129,729,2605,465,1806,410,829,208,2524,530
61,New City,42050,1893,30033,1690,24291,1430,9564,871,16185,1284,5742,765,12017,876,2497,387,1947,341,1303,272,872,221,550,167,9520,839,3697,462,2216,387,1612,289,5823,658
62,West Elsdon,18980,1098,11440,801,9724,769,5743,648,5001,698,1716,290,7540,719,2734,356,2116,316,1609,273,730,185,618,193,4806,695,2377,454,1845,403,604,192,2429,461
63,Gage Park,39492,1743,21343,1199,17301,1121,6898,765,11265,1043,4042,625,18149,1221,4181,455,3196,403,2257,360,1148,209,985,243,13968,1251,5568,673,3246,514,2439,449,8400,1034
64,Clearing,22716,982,17727,1007,15739,963,13014,955,4451,622,1988,461,4989,650,2220,332,1963,319,1535,291,788,222,257,145,2769,582,1614,359,995,255,753,273,1155,384
65,West Lawn,32950,1269,21032,1069,18429,1091,12391,1055,7572,881,2603,591,11918,941,4219,545,3488,497,2736,463,999,221,731,204,7699,850,3686,578,2768,494,962,304,4013,668
66,Chicago Lawn,54793,2225,43131,2026,35446,1913,16207,1257,21202,1683,7685,830,11662,1038,2993,395,2591,361,1701,298,1183,238,402,149,8669,1001,3266,536,1924,418,1434,330,5403,857
67,West Englewood,35288,1619,34605,1598,26010,1361,9353,794,18889,1261,8595,777,683,274,232,113,210,108,95,77,134,90,22,52,451,233,191,138,170,136,21,51,260,166
68,Englewood,28732,1514,28546,1508,22728,1304,7780,753,16939,1219,5818,673,186,125,131,99,66,65,16,37,58,65,65,64,55,82,33,57,14,41,19,42,22,45
69,Greater Grand Crossing,32491,1521,32138,1536,25683,1394,11974,900,16565,1290,6455,679,353,191,191,91,154,81,136,72,35,48,37,48,162,142,124,138,124,138,0,38,38,52
70,Ashburn,42430,1613,36288,1530,31896,1431,25115,1417,10160,998,4392,688,6142,726,2889,417,2484,384,1885,334,803,235,405,160,3253,618,1645,381,1173,295,500,250,1608,506
71,Auburn Gresham,49600,1884,49159,1874,39376,1708,19291,1259,24940,1493,9783,813,441,194,201,116,201,116,139,93,71,68,0,46,240,157,145,91,64,66,114,84,95,91
72,Beverly,21226,812,20486,821,19478,734,17794,685,3926,426,1008,355,740,173,590,151,590,151,528,137,248,104,0,29,150,77,130,73,108,71,22,34,20,35
73,Washington Heights,25828,1156,25652,1147,21464,1114,13894,1068,11360,880,4188,608,176,98,89,67,64,59,60,58,5,28,25,40,87,75,50,47,28,35,33,41,37,67
74,Mount Greenwood,18467,761,17949,758,17241,734,16277,698,2559,320,708,202,518,174,268,106,254,106,233,99,51,53,14,31,250,120,242,118,204,109,43,46,8,27
75,Morgan Park,22372,1070,21785,1042,19360,1043,14542,942,7190,854,2425,464,587,228,379,202,316,181,279,134,112,89,63,66,208,124,177,119,161,118,21,35,31,42
76,O'Hare,13676,1093,7309,916,6566,894,4556,608,2566,879,743,214,6367,774,3129,550,2316,483,1615,371,1091,391,813,304,3238,662,1553,512,1217,436,375,240,1685,487
77,Edgewater,54610,1706,37787,1364,33158,1358,27860,1303,8270,769,4629,572,16823,1340,7368,776,6014,677,4035,550,2592,414,1354,349,9455,1102,4491,648,3866,613,727,221,4964,905
